0.0909090909091
0.0984848484848
0.0984848484848
0.0984848484848
0.0984848484848
0.0984848484848
0.0984848484848
0.0984848484848
0.0984848484848
0.0984848484848
0.106060606061
0.0984848484848
0.0909090909091
0.113636363636
0.113636363636
0.0984848484848
0.0984848484848
0.0909090909091
0.0909090909091
0.106060606061
0.106060606061
0.106060606061
0.106060606061
0.106060606061
0.106060606061
0.113636363636
0.113636363636
0.113636363636
0.113636363636
0.136363636364
0.106060606061
0.121212121212
0.136363636364
0.121212121212
0.106060606061
0.0909090909091
0.0833333333333
0.113636363636
0.128787878788
0.136363636364
0.136363636364
0.136363636364
0.151515151515
0.166666666667
0.159090909091
0.151515151515
0.159090909091
0.151515151515
0.136363636364
0.151515151515
0.151515151515
0.151515151515
0.143939393939
0.151515151515
0.151515151515
0.143939393939
0.128787878788
0.136363636364
0.136363636364
0.121212121212
0.136363636364
0.136363636364
0.136363636364
0.143939393939
0.143939393939
0.143939393939
0.159090909091
0.151515151515
0.151515151515
0.151515151515
0.143939393939
0.143939393939
0.151515151515
0.128787878788
0.143939393939
0.136363636364
0.143939393939
0.159090909091
0.159090909091
0.151515151515
