0.0
0.0
0.0
0.0
0.0
0.0
0.0
0.0
0.0
0.0
0.0
0.0
0.0
0.0
0.0
0.0
0.0
0.0
0.0
0.0
0.0151515151515
0.0151515151515
0.0151515151515
0.0151515151515
0.0151515151515
0.0
0.0
0.0
0.0
0.0
0.0151515151515
0.0151515151515
0.0151515151515
0.0151515151515
0.0151515151515
0.0151515151515
0.0
0.0
0.0
0.0
0.0
0.0
0.0
0.0
0.0
0.0151515151515
0.0
0.0
0.0
0.0
0.0
0.0
0.0151515151515
0.0151515151515
0.0151515151515
0.0151515151515
0.030303030303
0.0454545454545
0.0454545454545
0.0454545454545
0.0454545454545
0.0454545454545
0.0454545454545
0.0454545454545
0.030303030303
0.030303030303
0.030303030303
0.030303030303
0.0
0.0
0.0
0.0
0.0
0.0
0.0
0.0
0.0
0.0
0.0
0.0
