0.363636363636
0.318181818182
0.318181818182
0.318181818182
0.318181818182
0.318181818182
0.318181818182
0.318181818182
0.272727272727
0.318181818182
0.272727272727
0.318181818182
0.272727272727
0.272727272727
0.272727272727
0.318181818182
0.272727272727
0.272727272727
0.272727272727
0.272727272727
0.272727272727
0.272727272727
0.272727272727
0.272727272727
0.272727272727
0.272727272727
0.272727272727
0.272727272727
0.272727272727
0.272727272727
0.272727272727
0.227272727273
0.181818181818
0.227272727273
0.272727272727
0.227272727273
0.181818181818
0.181818181818
0.136363636364
0.136363636364
0.136363636364
0.136363636364
0.181818181818
0.0909090909091
0.0909090909091
0.0909090909091
0.0909090909091
0.136363636364
0.136363636364
0.136363636364
0.136363636364
0.181818181818
0.181818181818
0.181818181818
0.181818181818
0.181818181818
0.219696969697
0.174242424242
0.174242424242
0.174242424242
0.174242424242
0.174242424242
0.174242424242
0.174242424242
0.174242424242
0.174242424242
0.174242424242
0.174242424242
0.174242424242
0.174242424242
0.174242424242
0.174242424242
0.174242424242
0.174242424242
0.174242424242
0.174242424242
0.128787878788
0.174242424242
0.136363636364
0.174242424242
