0.0
0.0
0.0
0.0
0.0
0.0
0.0
0.0
0.0
0.00757575757576
0.0
0.00757575757576
0.0
0.0
0.0
0.0
0.0
0.0
0.0
0.00757575757576
0.00757575757576
0.00757575757576
0.00757575757576
0.00757575757576
0.00757575757576
0.00757575757576
0.00757575757576
0.00757575757576
0.00757575757576
0.0
0.0
0.00757575757576
0.00757575757576
0.00757575757576
0.00757575757576
0.0
0.0
0.0
0.0
0.0
0.0
0.0
0.0
0.0
0.0
0.0
0.0
0.00757575757576
0.00757575757576
0.00757575757576
0.00757575757576
0.0151515151515
0.00757575757576
0.0151515151515
0.0151515151515
0.00757575757576
0.0
0.0
0.0
0.0
0.0
0.0
0.0
0.0
0.0
0.0
0.0
0.0
0.0
0.0
0.0
0.0
0.0
0.0
0.0
0.00757575757576
0.00757575757576
0.0151515151515
0.0151515151515
0.0151515151515
