0.0606060606061
0.0530303030303
0.0530303030303
0.0530303030303
0.0530303030303
0.0530303030303
0.0530303030303
0.0530303030303
0.0378787878788
0.0454545454545
0.0454545454545
0.0454545454545
0.0454545454545
0.0530303030303
0.0530303030303
0.0530303030303
0.0530303030303
0.0454545454545
0.0454545454545
0.0378787878788
0.0378787878788
0.0378787878788
0.0378787878788
0.0378787878788
0.0378787878788
0.0378787878788
0.0378787878788
0.0378787878788
0.0378787878788
0.0378787878788
0.0378787878788
0.0378787878788
0.0378787878788
0.0378787878788
0.0378787878788
0.030303030303
0.030303030303
0.0227272727273
0.0227272727273
0.0151515151515
0.0151515151515
0.0151515151515
0.0151515151515
0.0151515151515
0.0151515151515
0.0227272727273
0.0151515151515
0.00757575757576
0.00757575757576
0.00757575757576
0.00757575757576
0.0151515151515
0.0151515151515
0.0151515151515
0.0151515151515
0.0151515151515
0.0378787878788
0.0378787878788
0.0378787878788
0.0378787878788
0.0378787878788
0.0378787878788
0.0378787878788
0.030303030303
0.030303030303
0.030303030303
0.030303030303
0.0227272727273
0.0227272727273
0.0227272727273
0.0227272727273
0.0227272727273
0.0227272727273
0.030303030303
0.0378787878788
0.0378787878788
0.030303030303
0.030303030303
0.0227272727273
0.0227272727273
