0.0
0.0151515151515
0.0151515151515
0.0151515151515
0.0151515151515
0.0151515151515
0.0151515151515
0.0151515151515
0.0378787878788
0.0151515151515
0.030303030303
0.0151515151515
0.0227272727273
0.00757575757576
0.00757575757576
0.0151515151515
0.0151515151515
0.0151515151515
0.0151515151515
0.030303030303
0.0151515151515
0.0151515151515
0.0151515151515
0.0151515151515
0.0151515151515
0.0151515151515
0.0151515151515
0.0151515151515
0.0151515151515
0.0227272727273
0.0227272727273
0.00757575757576
0.030303030303
0.0227272727273
0.0227272727273
0.0454545454545
0.0454545454545
0.0681818181818
0.0681818181818
0.0833333333333
0.0833333333333
0.0833333333333
0.0681818181818
0.0833333333333
0.0681818181818
0.0454545454545
0.0909090909091
0.0833333333333
0.0833333333333
0.0833333333333
0.0833333333333
0.0606060606061
0.0606060606061
0.0530303030303
0.0530303030303
0.0606060606061
0.0227272727273
0.0227272727273
0.0227272727273
0.0227272727273
0.0227272727273
0.0227272727273
0.0227272727273
0.0378787878788
0.0378787878788
0.0378787878788
0.0378787878788
0.0530303030303
0.0530303030303
0.0530303030303
0.0454545454545
0.0454545454545
0.0530303030303
0.0151515151515
0.0227272727273
0.0151515151515
0.030303030303
0.0151515151515
0.0454545454545
0.0227272727273
