136.683815325 110.50685723 94.8183722944 4.81858116439 42.7505943367 7.82193851638 159.237353804 0.911548392294 23.4070560758 947.195099964
118.694542202 117.77652179 129.417664795 5.71345202689 38.7522074155 24.4648780611 204.168557626 1.01831522335 31.6639171077 899.375686187
122.888944598 100.642347767 127.369407801 6.1155373368 126.096695049 84.1247858876 132.655679275 1.01192405134 25.4221060348 929.920219673
127.645020406 125.457375128 128.553899037 5.7530471179 48.5953982498 82.9825697551 73.4596593604 1.11047530119 32.1467508821 902.902388244
135.696117012 112.954181559 108.796431167 5.16528514249 45.4941340262 7.37762280329 168.030107617 0.952892827078 27.3518389864 905.861515635
118.310020627 117.486733287 113.222047346 5.28001929806 40.9365829095 21.9418988554 200.768481418 1.00512679081 28.2269798382 933.538415469
121.439265799 86.0763295452 113.504767073 5.1256627981 45.7040748089 14.2402808151 210.897361506 1.10980912183 36.8388832729 881.744109286
132.728300597 106.366067517 102.747911662 5.06256253108 44.0003640743 10.4899178293 191.32941898 0.960566137423 32.3103457611 940.499003202
122.84325862 80.1396400264 140.734110683 6.03809216279 125.445821338 28.5036106619 121.285441955 1.88358422023 62.6513225867 846.403279055
123.775019767 97.9515800795 121.405338971 5.24168174666 36.3347363301 8.03134359699 161.131361022 1.45068242695 44.9723692418 911.664215761
121.159527487 102.68828122 139.2505434 5.77661911213 45.8644503139 82.7155571602 44.2030257778 1.92279526995 60.3529531563 865.102137362
121.984742297 109.149090029 120.907877248 5.87448718796 132.258538124 13.3009628847 75.697734724 1.31609411327 45.3486635317 909.067541443
124.270742763 124.825791803 148.078713752 6.22892375436 40.1209877324 11.4354092667 170.446191925 6.72581133729 73.2650424939 884.681238259
159.808894504 149.604371107 175.490704557 7.40238241973 62.1197074074 10.7183256938 116.469424468 15.0498120427 72.687757481 814.752613425
134.113155151 132.751029029 157.99068591 7.70026309902 65.8700076275 202.51045327 123.052607947 4.43954969636 91.7169427707 866.099209313
142.193698782 124.484203496 176.900750626 7.43886380585 49.386001653 95.0851356969 170.288464889 13.9151250664 56.7177538189 865.793430091
143.308651749 132.20700573 130.211545438 6.39330196487 56.8394344762 108.704307766 115.144539807 1.64430992557 97.8684319064 879.662726556
157.871905171 182.732221764 175.902008785 17.4133089876 75.3114895654 49.7506466314 155.938629862 6.50191328747 102.73422593 835.920218771
167.934724611 126.618971727 156.622205819 6.67542551228 58.4960572347 63.7392614823 56.3263028261 2.59542927012 104.655301522 799.526578343
115.025667887 132.034408922 158.422025585 7.34667708417 51.3206762973 6.12916740499 73.6491920742 1.42600149389 68.6089375979 813.687587476
145.442031016 120.972902456 174.076233605 168.65444223 66.3308381443 231.071499514 58.8134184026 2.93214042603 103.414629023 857.729460411
139.21399856 140.314630917 157.74917721 122.863019945 47.6846601425 8.03976150189 76.8594353262 2.72986731467 82.0132380863 834.083330484
127.59520003 137.853549213 170.650345585 179.77757744 50.964491118 4.9776959246 86.2823708728 3.11383937204 103.945616364 819.122362287
117.159508139 130.65014422 160.583013144 150.656920469 59.3469159838 8.17710656106 153.892796861 4.70257617495 97.4030214699 833.188279632
118.820741003 104.5380354 161.152701841 128.591677851 56.3339459458 59.2207687706 70.7081790752 5.12963423538 100.289960944 816.529231903
110.305682605 104.308586656 121.824749684 47.1724517487 73.9480513267 72.5167148095 166.465625619 1.12994837918 44.9770531176 825.251919977
117.482882213 128.261233558 126.709501592 44.019348797 55.2626594428 11.0811715299 180.576562167 1.08497818094 45.731608677 860.990731062
122.533042538 104.725634996 108.911512802 53.1703266979 46.2668180736 6.74227766705 98.9834873403 0.890090672559 25.0617367665 854.577177055
128.523451056 99.41759051 99.1236530313 41.808486527 55.0771369434 6.75296101271 143.950136631 1.18813473139 47.889276895 836.627092978
144.061197994 166.284765877 162.507587541 150.474953542 70.976538275 24.8292940759 64.5416210581 15.0658584301 66.012639727 756.29699019
117.761707538 81.4593875662 111.861483351 47.9447422798 60.5431862746 8.10440124254 104.087540579 4.93579696986 62.2459583333 745.225887151
147.362116499 173.517354815 151.341884158 102.694519993 62.1703146787 6.45412758906 147.720694986 9.01936076353 65.6026178453 760.320140482
144.53030995 134.644197892 194.07282643 8.91261082736 62.5292621604 65.0617116125 90.4060586645 5.87285093111 127.644321575 662.186014141
152.083242094 176.209950876 218.643157803 9.50036597921 51.5727657012 49.0723932791 149.829296944 8.87162691902 134.722935194 716.432358865
231.882807869 263.446781618 442.550791062 46.7051359519 83.8570611232 47.1517244566 33.8821556942 17.8081514062 154.389828112 767.637976848
126.252765348 98.0114690268 215.08890716 8.47165507276 54.7739569747 6.95705457675 61.7968034162 14.712247489 139.854213982 735.060328954
129.422172762 132.203326986 219.755440446 16.7134928028 54.0372370425 7.81633155191 66.6623294144 5.47579069432 170.210194297 771.345928782
128.900280707 169.366099084 260.025411224 9.63068808087 61.4687413339 22.2565529099 90.339413723 5.9895035641 192.568982585 637.538546118
134.678122167 131.616754584 299.622488225 13.3705975728 76.7415340476 7.66547470339 50.2357718896 33.9166926216 174.967803422 624.695068788
115.351743586 131.838809974 287.463905299 14.0948153193 168.206449181 14.5289754598 66.9525395252 6.77209106817 177.844952958 553.245838314
107.103073185 116.222323781 261.285295721 9.89060776703 120.361441417 5.71686180028 10.4208098031 6.15728617566 182.154909972 602.344210634
105.451329264 114.276556158 240.715010437 8.02316814382 43.4310827641 4.79238406098 31.2617031596 6.47969098217 192.640929176 571.074786147
100.288573382 110.582444979 219.309731693 8.11187913031 73.7074072768 17.5622640254 78.3823217669 7.84798332722 139.121313478 562.270835705
98.7435535106 138.048852684 207.15146357 7.85301293704 66.5123424083 4.49955798667 39.6305154659 8.12862640741 162.235818569 565.193754401
94.9065659318 121.46661639 212.341234893 52.6894210053 69.9547566014 82.3326107412 22.5339572447 9.07482931808 124.459367763 578.573783781
140.759772335 192.840038537 245.87889483 66.9630647906 63.632838457 97.3311604497 75.6656745632 37.0507901783 209.47490835 508.855752502
171.44589042 179.659316481 351.259650068 15.2164190043 77.1572572921 79.3294806905 39.8495893555 25.2727200538 183.873316587 519.966742252
91.5412120375 129.789710488 257.142204238 8.86104746032 57.5913260947 4.08953280207 18.4401268552 5.29554081592 170.822553279 586.415204051
158.181532852 200.423054384 394.611371861 14.3572993098 120.293379333 8.05869487191 8.03148616818 37.890891729 196.356521075 579.704157875
83.8946483435 124.875106979 256.036446137 9.97774103558 61.9689330223 3.70971940116 6.67527512129 7.63524782479 187.458203197 601.174859483
93.2553437969 133.459555431 234.33084674 8.18993158768 61.6797497989 4.87018034588 11.0531805839 6.82172802871 188.493622099 580.607886269
132.667933788 121.922134285 177.643495788 7.52664160067 55.3747833736 4.63798304357 44.4640661123 7.31305809602 90.060423711 700.187326459
94.1663193189 117.163493539 192.667685062 7.84625005184 66.9964799854 8.028828513 50.2624162105 19.0148851802 148.851316912 588.58628563
77.8352021766 111.915854343 194.627791413 9.62880090699 50.5798697435 5.42277200057 15.1507110496 4.54749154554 93.4034745449 661.227794424
93.603125399 110.12274537 203.204443773 12.8801656146 47.1536378925 2.9290219171 37.3168903653 5.13240089196 82.9334180947 654.193347505
101.347058929 130.236957709 231.794562784 11.4786286262 61.1748171262 10.592841979 40.2484350213 23.9704747383 160.388258612 584.023474104
125.654533249 101.49251295 190.1012591 25.5120613422 50.9921689692 6.31947594557 91.9407390199 3.73360303927 97.7477588697 829.221670912
111.946249661 90.6850462891 152.801451717 12.7807921612 56.7667179792 41.6073222065 99.3543426419 1.43905540761 72.1472630364 754.219875451
144.731545278 121.877836713 160.563647839 17.5628912496 59.5797155316 11.0463225123 153.965409677 5.6362372109 151.72784401 773.567910725
142.247577333 130.758006588 172.568066363 25.4944680918 60.087385424 10.5509114551 68.8469498433 4.17583167403 127.776567068 740.848993552
141.807884332 112.661320833 158.504074171 30.1341641447 47.0058123517 5.31383059105 103.161287933 7.97453490102 161.898367264 748.592827982
122.708745304 151.878494172 253.844976271 25.3953310378 96.379132317 6.66961817413 71.2361966009 11.4931580678 125.903700397 741.083949332
106.734069806 135.010917687 201.309861881 18.8243636301 62.8992749655 14.5847950202 142.307835001 6.92118849148 144.236373295 751.837509121
121.52859945 127.752186103 166.801737829 13.696830933 52.2197288223 9.39918392766 174.486030947 2.83367915006 131.33681209 789.862439562
111.472765947 125.757879358 220.197755563 26.9510710746 53.3324541468 29.9748985835 155.280656803 3.96457180663 122.527000742 694.438714023
125.290362314 115.197443047 170.754066984 20.7381207972 60.1921891695 6.35051359407 61.5694712748 2.76691408589 112.374594724 705.124674886
101.828565254 109.286558092 170.351800463 16.2798665474 43.213831456 20.8049275598 81.8287667595 2.43450234991 122.410521692 671.251544267
101.802242419 125.329562584 212.696611666 24.318156763 50.566941871 5.81935750495 65.5195723759 5.67955221782 114.444386805 655.178776175
81.075200022 95.5680602292 182.437444125 12.1311853734 58.6370185942 3.78164329992 25.2377667994 1.71537677239 115.382193103 657.691946745
97.8923756676 99.1614082489 197.518083747 17.9444798011 53.3841867207 12.7834234325 83.4142505332 2.64651997097 101.127584202 675.374788508
136.497806626 128.674828827 282.168026083 32.1198757073 51.9085264683 7.46974661402 66.2020161675 30.9586725706 137.17851592 593.134909948
107.384329119 125.625049688 248.947480367 34.886481197 54.9540454302 5.39516068131 47.7125356292 26.1693884489 143.568023693 610.167756247
187.849112545 209.496872335 382.332553597 32.1122415184 218.790885302 6.48359068799 40.3334680749 41.6640835728 129.530821341 644.665473355
131.487380496 97.1536512989 204.65902975 59.204931143 78.035450942 6.14781295659 39.8645440069 10.046898153 142.663996011 614.955796862
133.544610836 145.700207596 274.190403549 11.4310935093 193.582630491 108.174445557 89.961987665 21.1280183442 129.590188784 659.916271806
105.330640789 128.679158508 213.454362275 9.79868987811 174.548580067 12.8925535989 140.197379238 8.69809534059 142.849473368 651.177345982
96.531023907 106.8231493 193.881426916 8.75501036781 116.857179346 10.9939135009 95.3187350234 7.5996104247 147.826258461 592.95089953
106.533936836 128.407851996 200.86313378 8.88941070851 60.7992718883 40.1002248837 76.2296779291 6.439031413 118.694946888 625.152058633
134.414256815 156.314755387 268.435940565 11.3920724013 59.8564356377 83.4013392796 31.8283805646 12.8172914048 158.515661529 569.74178775
205.984887002 197.034098624 421.561778168 14.6355187252 62.1133798011 163.708448671 91.7939747301 47.3482272802 132.254274794 545.173385429
